
=== Best readout per task (test AUROC) ===
readout                                            animal        human  lighting_ok   obstructed traffic_ligh      vehicle      spatial          gqa
siglip:siglip-so400m-patch14-384 image              0.975        0.972        1.000        0.994        0.949        0.958        0.510        0.496
siglip:siglip-so400m-patch14-384 text               0.500        0.500        0.500        0.500        0.500        0.500        0.451        0.568
siglip:siglip-so400m-patch14-384 fusion             0.975        0.971        1.000        0.993        0.947        0.957        0.542        0.582
vlm:Qwen3-VL-2B-Instruct_224 zeroshot               0.982        0.977        0.999        0.791        0.987        0.993        0.841        0.831
vlm:Qwen3-VL-2B-Instruct_224 best layer             0.989        0.988        1.000        0.956        0.985        0.991        0.824        0.840
vlm:Qwen3-VL-2B-Instruct_224 last layer             0.987        0.988        1.000        0.943        0.985        0.990        0.809        0.839
vlm:Qwen3-VL-2B-Instruct_224 pooled (no quer        0.982        0.981        1.000        0.952        0.974        0.978          nan          nan
vlm:Qwen3-VL-2B-Instruct_448 zeroshot               0.994        0.990        1.000        0.722        0.997        0.995        0.855        0.852
vlm:Qwen3-VL-2B-Instruct_448 best layer             0.998        0.991        1.000        0.954        0.997        0.996        0.850        0.857
vlm:Qwen3-VL-2B-Instruct_448 last layer             0.997        0.991        1.000        0.928        0.997        0.996        0.839        0.850
vlm:Qwen3-VL-2B-Instruct_448 pooled (no quer        0.980        0.981        1.000        0.956        0.977        0.983          nan          nan
vlm:Qwen3.5-2B-bf16_224 zeroshot                    0.987        0.987        1.000        0.825        0.976        0.990        0.848        0.808
vlm:Qwen3.5-2B-bf16_224 best layer                  0.992        0.984        1.000        0.927        0.985        0.994        0.828        0.827
vlm:Qwen3.5-2B-bf16_224 last layer                  0.992        0.981        1.000        0.927        0.985        0.989        0.803        0.820
vlm:Qwen3.5-2B-bf16_224 pooled (no query), b        0.977        0.981        1.000        0.929        0.971        0.974          nan          nan
vlm:Qwen3.5-2B-bf16_448 zeroshot                    0.996        0.992        1.000        0.749        0.996        0.997        0.872        0.840
vlm:Qwen3.5-2B-bf16_448 best layer                  0.996        0.992        1.000        0.920        0.996        0.998        0.864        0.850
vlm:Qwen3.5-2B-bf16_448 last layer                  0.994        0.991        1.000        0.920        0.996        0.997        0.839        0.841
vlm:Qwen3.5-2B-bf16_448 pooled (no query), b        0.977        0.983        1.000        0.942        0.969        0.983          nan          nan

=== vlm:Qwen3-VL-2B-Instruct_224: test AUROC by layer (decision token | pooled visual, presence only) ===
 layer       animal        human  lighting_ok   obstructed traffic_ligh      vehicle      spatial          gqa
     0  0.500|0.979  0.500|0.976  0.500|0.999  0.500|0.912  0.500|0.963  0.500|0.972        0.500        0.500
     2  0.947|0.979  0.938|0.971  1.000|0.999  0.891|0.914  0.926|0.960  0.918|0.971        0.525        0.553
     4  0.961|0.980  0.947|0.974  1.000|1.000  0.900|0.944  0.940|0.961  0.933|0.974        0.533        0.553
     6  0.968|0.982  0.954|0.976  1.000|1.000  0.903|0.949  0.947|0.961  0.961|0.973        0.523        0.566
     8  0.979|0.980  0.971|0.976  1.000|1.000  0.898|0.947  0.961|0.961  0.978|0.968        0.560        0.635
    10  0.978|0.980  0.975|0.975  1.000|1.000  0.939|0.952  0.969|0.960  0.979|0.968        0.580        0.648
    12  0.985|0.976  0.978|0.973  1.000|1.000  0.923|0.942  0.972|0.959  0.983|0.964        0.596        0.679
    14  0.989|0.973  0.982|0.974  1.000|1.000  0.925|0.936  0.981|0.957  0.991|0.964        0.658        0.736
    16  0.985|0.970  0.985|0.973  1.000|1.000  0.938|0.924  0.985|0.955  0.991|0.966        0.812        0.828
    18  0.987|0.968  0.984|0.971  1.000|1.000  0.948|0.918  0.984|0.955  0.991|0.970        0.824        0.831
    20  0.986|0.967  0.982|0.978  1.000|0.999  0.947|0.928  0.984|0.962  0.990|0.969        0.823        0.840
    22  0.986|0.975  0.982|0.979  1.000|0.998  0.954|0.916  0.985|0.971  0.990|0.972        0.817        0.840
    24  0.986|0.974  0.982|0.980  1.000|0.998  0.956|0.921  0.985|0.974  0.989|0.975        0.821        0.840
    26  0.987|0.976  0.982|0.980  1.000|0.999  0.951|0.914  0.984|0.970  0.990|0.977        0.806        0.838
    28  0.987|0.979  0.988|0.981  1.000|0.999  0.943|0.913  0.985|0.968  0.990|0.978        0.809        0.839
latency: encode p50 137 ms, decide ≈46.8 ms/query (batched)

=== vlm:Qwen3-VL-2B-Instruct_448: test AUROC by layer (decision token | pooled visual, presence only) ===
 layer       animal        human  lighting_ok   obstructed traffic_ligh      vehicle      spatial          gqa
     0  0.500|0.979  0.500|0.974  0.500|0.998  0.500|0.946  0.500|0.973  0.500|0.981        0.500        0.500
     2  0.944|0.980  0.950|0.972  1.000|1.000  0.873|0.944  0.948|0.971  0.921|0.980        0.517        0.551
     4  0.964|0.976  0.956|0.973  1.000|1.000  0.932|0.955  0.959|0.968  0.944|0.981        0.522        0.555
     6  0.959|0.976  0.964|0.975  1.000|1.000  0.909|0.956  0.958|0.969  0.971|0.980        0.516        0.588
     8  0.979|0.976  0.961|0.975  1.000|1.000  0.905|0.956  0.976|0.969  0.982|0.978        0.555        0.634
    10  0.993|0.974  0.974|0.977  1.000|1.000  0.934|0.951  0.984|0.968  0.989|0.976        0.576        0.646
    12  0.996|0.976  0.984|0.977  1.000|1.000  0.938|0.940  0.987|0.965  0.990|0.974        0.578        0.690
    14  0.997|0.974  0.987|0.976  1.000|0.999  0.942|0.934  0.992|0.963  0.989|0.973        0.656        0.773
    16  0.994|0.974  0.989|0.972  1.000|1.000  0.950|0.925  0.995|0.964  0.992|0.977        0.823        0.857
    18  0.993|0.969  0.988|0.976  1.000|0.999  0.951|0.924  0.994|0.967  0.993|0.976        0.840        0.851
    20  0.996|0.971  0.988|0.981  1.000|0.998  0.950|0.938  0.993|0.974  0.994|0.979        0.843        0.856
    22  0.995|0.975  0.989|0.979  1.000|0.997  0.954|0.940  0.994|0.977  0.996|0.981        0.850        0.857
    24  0.997|0.974  0.989|0.979  1.000|0.996  0.954|0.940  0.994|0.977  0.996|0.982        0.847        0.856
    26  0.998|0.975  0.990|0.980  1.000|0.996  0.945|0.923  0.995|0.976  0.996|0.983        0.839        0.854
    28  0.997|0.980  0.991|0.979  1.000|0.996  0.928|0.911  0.997|0.975  0.996|0.981        0.839        0.850
latency: encode p50 204 ms, decide ≈49.7 ms/query (batched)

=== vlm:Qwen3.5-2B-bf16_224: test AUROC by layer (decision token | pooled visual, presence only) ===
 layer       animal        human  lighting_ok   obstructed traffic_ligh      vehicle      spatial          gqa
     0  0.500|0.977  0.500|0.975  0.500|1.000  0.500|0.929  0.500|0.967  0.500|0.970        0.500        0.500
     2  0.921|0.972  0.957|0.975  1.000|1.000  0.882|0.926  0.942|0.970  0.954|0.972        0.507        0.546
     4  0.920|0.970  0.948|0.976  1.000|1.000  0.891|0.919  0.950|0.971  0.961|0.974        0.504        0.567
     6  0.941|0.968  0.947|0.976  1.000|1.000  0.889|0.918  0.957|0.970  0.969|0.971        0.503        0.603
     8  0.954|0.964  0.964|0.980  1.000|1.000  0.879|0.920  0.970|0.968  0.981|0.970        0.579        0.639
    10  0.978|0.967  0.977|0.980  1.000|1.000  0.913|0.911  0.981|0.964  0.989|0.972        0.705        0.737
    12  0.978|0.968  0.980|0.979  1.000|1.000  0.918|0.914  0.985|0.963  0.993|0.971        0.779        0.797
    14  0.981|0.968  0.981|0.978  1.000|1.000  0.921|0.920  0.985|0.961  0.994|0.969        0.814        0.827
    16  0.983|0.972  0.979|0.981  1.000|1.000  0.918|0.913  0.984|0.962  0.990|0.971        0.821        0.824
    18  0.986|0.969  0.980|0.979  1.000|1.000  0.919|0.905  0.985|0.967  0.988|0.970        0.822        0.826
    20  0.989|0.973  0.984|0.977  1.000|1.000  0.927|0.895  0.985|0.971  0.989|0.971        0.828        0.824
    22  0.990|0.973  0.982|0.974  1.000|0.999  0.922|0.898  0.985|0.971  0.989|0.968        0.817        0.816
    24  0.992|0.974  0.981|0.975  1.000|1.000  0.927|0.889  0.985|0.970  0.989|0.974        0.803        0.820
latency: encode p50 79 ms, decide ≈36.0 ms/query (batched)

=== vlm:Qwen3.5-2B-bf16_448: test AUROC by layer (decision token | pooled visual, presence only) ===
 layer       animal        human  lighting_ok   obstructed traffic_ligh      vehicle      spatial          gqa
     0  0.500|0.971  0.500|0.983  0.500|1.000  0.500|0.942  0.500|0.963  0.500|0.982        0.500        0.500
     2  0.940|0.972  0.951|0.982  1.000|1.000  0.852|0.936  0.948|0.965  0.945|0.982        0.511        0.563
     4  0.964|0.970  0.942|0.983  1.000|1.000  0.857|0.941  0.946|0.966  0.948|0.980        0.504        0.575
     6  0.957|0.974  0.952|0.981  1.000|0.999  0.807|0.936  0.965|0.964  0.959|0.977        0.548        0.609
     8  0.984|0.974  0.974|0.983  1.000|1.000  0.822|0.938  0.980|0.964  0.983|0.977        0.584        0.667
    10  0.993|0.975  0.986|0.983  1.000|0.999  0.872|0.930  0.994|0.963  0.995|0.977        0.718        0.758
    12  0.994|0.974  0.990|0.980  1.000|1.000  0.889|0.935  0.995|0.961  0.997|0.978        0.814        0.825
    14  0.994|0.974  0.991|0.981  1.000|0.999  0.909|0.933  0.995|0.962  0.997|0.979        0.860        0.849
    16  0.995|0.977  0.990|0.983  1.000|0.999  0.917|0.932  0.995|0.962  0.998|0.980        0.859        0.850
    18  0.996|0.974  0.991|0.981  1.000|0.999  0.906|0.906  0.996|0.967  0.997|0.980        0.864        0.850
    20  0.995|0.975  0.992|0.982  1.000|0.999  0.901|0.891  0.996|0.968  0.998|0.981        0.857        0.843
    22  0.994|0.974  0.991|0.978  1.000|0.998  0.908|0.882  0.996|0.968  0.997|0.980        0.854        0.836
    24  0.994|0.977  0.991|0.979  1.000|0.999  0.920|0.864  0.996|0.969  0.997|0.983        0.839        0.841
latency: encode p50 146 ms, decide ≈36.8 ms/query (batched)

Accuracy @0.5 on the reasoning families (chance = majority rate ~0.5)
  siglip:siglip-so400m-patch14-384         spatial  text-only 0.466  fusion 0.535
  siglip:siglip-so400m-patch14-384         gqa      text-only 0.546  fusion 0.563
  vlm:Qwen3-VL-2B-Instruct_224             spatial  zeroshot 0.759  best probe (L18) 0.738
  vlm:Qwen3-VL-2B-Instruct_224             gqa      zeroshot 0.735  best probe (L24) 0.756
  vlm:Qwen3-VL-2B-Instruct_448             spatial  zeroshot 0.743  best probe (L22) 0.774
  vlm:Qwen3-VL-2B-Instruct_448             gqa      zeroshot 0.758  best probe (L22) 0.772
  vlm:Qwen3.5-2B-bf16_224                  spatial  zeroshot 0.766  best probe (L20) 0.759
  vlm:Qwen3.5-2B-bf16_224                  gqa      zeroshot 0.732  best probe (L14) 0.739
  vlm:Qwen3.5-2B-bf16_448                  spatial  zeroshot 0.783  best probe (L18) 0.795
  vlm:Qwen3.5-2B-bf16_448                  gqa      zeroshot 0.763  best probe (L18) 0.758
